#Z vs AoQ gate
#203 204 Pt?
2.61744 78.3315
2.61287 78.3788
2.60957 78.3078
2.60627 77.9292
2.60957 77.2903
2.62048 77.4796
2.62201 78.0002
2.61744 78.3315
#Some Ir 
2.61693 76.945
2.61414 77.2935
2.60373 77.3203
2.59916 76.8914
2.60576 76.3284
2.61414 76.3821
2.61591 76.6233
2.61693 76.945
#199 200 Os?
2.60851 76.2814
2.60851 76.2814
2.59365 76.4512
2.58965 75.7044
2.59837 75.0933
2.60851 75.1273
2.61087 75.6025
2.60851 76.2814
#190Ta
2.60491 73.985
2.60091 73.8522
2.60014 73.359
2.60319 73.1504
2.60796 73.1504
2.61005 73.4918
2.60853 73.8522
2.60472 73.985
#190W
2.56781 74.932
2.56389 74.7709
2.56319 74.3026
2.56599 74.083
2.57075 74.083
2.57285 74.4197
2.57131 74.7856
2.56781 74.932
#191W
2.58203 74.8609
2.57813 74.7354
2.57738 74.2494
2.58053 74.0455
2.58502 74.0455
2.58727 74.3748
2.58592 74.7041
2.58203 74.8609
#192W
2.5955  74.8452
2.59161 74.7041
2.59086 74.218
2.59401 74.0142
2.5985  74.0142
2.60059 74.3434
2.5991  74.7198
2.5955  74.8452
#193W
2.60898 74.8452
2.60509 74.7041
2.60419 74.218
2.60733 74.0142
2.61197 74.0142
2.61407 74.3434
2.61257 74.7198
2.60883 74.8452
